/*--------------------------------*- C++ -*----------------------------------*\
| =========                 |                                                 |
| \\      /  F ield         | OpenFOAM: The Open Source CFD Toolbox           |
|  \\    /   O peration     | Version:  v1806                                 |
|   \\  /    A nd           | Web:      www.OpenFOAM.com                      |
|    \\/     M anipulation  |                                                 |
\*---------------------------------------------------------------------------*/
FoamFile
{
    version     2.0;
    format      ascii;
    class       vectorField;
    location    "constant/polyMesh";
    object      points;
}
// * * * * * * * * * * * * * * * * * * * * * * * * * * * * * * * * * * * * * //


162
(
(0 0 0)
(2 0 0)
(2 2 0)
(0 2 0)
(0 0 1)
(2 0 1)
(2 2 1)
(0 2 1)
(0.25 0 0)
(0.5 0 0)
(0.75 0 0)
(1 0 0)
(1.25 0 0)
(1.5 0 0)
(1.75 0 0)
(2 0.25 0)
(2 0.5 0)
(2 0.75 0)
(2 1 0)
(2 1.25 0)
(2 1.5 0)
(2 1.75 0)
(1.75 2 0)
(1.5 2 0)
(1.25 2 0)
(1 2 0)
(0.75 2 0)
(0.5 2 0)
(0.25 2 0)
(0 1.75 0)
(0 1.5 0)
(0 1.25 0)
(0 1 0)
(0 0.75 0)
(0 0.5 0)
(0 0.25 0)
(0.25 0 1)
(0.5 0 1)
(0.75 0 1)
(1 0 1)
(1.25 0 1)
(1.5 0 1)
(1.75 0 1)
(2 0.25 1)
(2 0.5 1)
(2 0.75 1)
(2 1 1)
(2 1.25 1)
(2 1.5 1)
(2 1.75 1)
(1.75 2 1)
(1.5 2 1)
(1.25 2 1)
(1 2 1)
(0.75 2 1)
(0.5 2 1)
(0.25 2 1)
(0 1.75 1)
(0 1.5 1)
(0 1.25 1)
(0 1 1)
(0 0.75 1)
(0 0.5 1)
(0 0.25 1)
(0.25 0.25 0)
(0.25 0.5 0)
(0.25 0.75 0)
(0.25 1 0)
(0.25 1.25 0)
(0.25 1.5 0)
(0.25 1.75 0)
(0.5 0.25 0)
(0.5 0.5 0)
(0.5 0.75 0)
(0.5 1 0)
(0.5 1.25 0)
(0.5 1.5 0)
(0.5 1.75 0)
(0.75 0.25 0)
(0.75 0.5 0)
(0.75 0.75 0)
(0.75 1 0)
(0.75 1.25 0)
(0.75 1.5 0)
(0.75 1.75 0)
(1 0.25 0)
(1 0.5 0)
(1 0.75 0)
(1 1 0)
(1 1.25 0)
(1 1.5 0)
(1 1.75 0)
(1.25 0.25 0)
(1.25 0.5 0)
(1.25 0.75 0)
(1.25 1 0)
(1.25 1.25 0)
(1.25 1.5 0)
(1.25 1.75 0)
(1.5 0.25 0)
(1.5 0.5 0)
(1.5 0.75 0)
(1.5 1 0)
(1.5 1.25 0)
(1.5 1.5 0)
(1.5 1.75 0)
(1.75 0.25 0)
(1.75 0.5 0)
(1.75 0.75 0)
(1.75 1 0)
(1.75 1.25 0)
(1.75 1.5 0)
(1.75 1.75 0)
(0.25 0.25 1)
(0.25 0.5 1)
(0.25 0.75 1)
(0.25 1 1)
(0.25 1.25 1)
(0.25 1.5 1)
(0.25 1.75 1)
(0.5 0.25 1)
(0.5 0.5 1)
(0.5 0.75 1)
(0.5 1 1)
(0.5 1.25 1)
(0.5 1.5 1)
(0.5 1.75 1)
(0.75 0.25 1)
(0.75 0.5 1)
(0.75 0.75 1)
(0.75 1 1)
(0.75 1.25 1)
(0.75 1.5 1)
(0.75 1.75 1)
(1 0.25 1)
(1 0.5 1)
(1 0.75 1)
(1 1 1)
(1 1.25 1)
(1 1.5 1)
(1 1.75 1)
(1.25 0.25 1)
(1.25 0.5 1)
(1.25 0.75 1)
(1.25 1 1)
(1.25 1.25 1)
(1.25 1.5 1)
(1.25 1.75 1)
(1.5 0.25 1)
(1.5 0.5 1)
(1.5 0.75 1)
(1.5 1 1)
(1.5 1.25 1)
(1.5 1.5 1)
(1.5 1.75 1)
(1.75 0.25 1)
(1.75 0.5 1)
(1.75 0.75 1)
(1.75 1 1)
(1.75 1.25 1)
(1.75 1.5 1)
(1.75 1.75 1)
)


// ************************************************************************* //
