/*--------------------------------*- C++ -*----------------------------------*\
| =========                 |                                                 |
| \\      /  F ield         | OpenFOAM: The Open Source CFD Toolbox           |
|  \\    /   O peration     | Version:  v1806                                 |
|   \\  /    A nd           | Web:      www.OpenFOAM.com                      |
|    \\/     M anipulation  |                                                 |
\*---------------------------------------------------------------------------*/
FoamFile
{
    version     2.0;
    format      ascii;
    class       faceList;
    location    "constant/polyMesh";
    object      faces;
}
// * * * * * * * * * * * * * * * * * * * * * * * * * * * * * * * * * * * * * //


1640
(
4(83 159 521 160)
4(8 160 521 84)
4(82 158 522 161)
4(160 161 522 521)
4(81 157 523 162)
4(161 162 523 522)
4(80 156 524 163)
4(162 163 524 523)
4(79 155 525 164)
4(163 164 525 524)
4(78 154 526 165)
4(164 165 526 525)
4(77 153 527 166)
4(165 166 527 526)
4(76 152 528 167)
4(166 167 528 527)
4(75 151 529 168)
4(167 168 529 528)
4(74 150 530 169)
4(168 169 530 529)
4(73 149 531 170)
4(169 170 531 530)
4(72 148 532 171)
4(170 171 532 531)
4(71 147 533 172)
4(171 172 533 532)
4(70 146 534 173)
4(172 173 534 533)
4(69 145 535 174)
4(173 174 535 534)
4(68 144 536 175)
4(174 175 536 535)
4(67 143 537 176)
4(175 176 537 536)
4(66 142 538 177)
4(176 177 538 537)
4(65 141 539 178)
4(177 178 539 538)
4(178 64 140 539)
4(160 521 540 179)
4(9 179 540 85)
4(161 522 541 180)
4(179 180 541 540)
4(162 523 542 181)
4(180 181 542 541)
4(163 524 543 182)
4(181 182 543 542)
4(164 525 544 183)
4(182 183 544 543)
4(165 526 545 184)
4(183 184 545 544)
4(166 527 546 185)
4(184 185 546 545)
4(167 528 547 186)
4(185 186 547 546)
4(168 529 548 187)
4(186 187 548 547)
4(169 530 549 188)
4(187 188 549 548)
4(170 531 550 189)
4(188 189 550 549)
4(171 532 551 190)
4(189 190 551 550)
4(172 533 552 191)
4(190 191 552 551)
4(173 534 553 192)
4(191 192 553 552)
4(174 535 554 193)
4(192 193 554 553)
4(175 536 555 194)
4(193 194 555 554)
4(176 537 556 195)
4(194 195 556 555)
4(177 538 557 196)
4(195 196 557 556)
4(178 539 558 197)
4(196 197 558 557)
4(197 63 139 558)
4(179 540 559 198)
4(10 198 559 86)
4(180 541 560 199)
4(198 199 560 559)
4(181 542 561 200)
4(199 200 561 560)
4(182 543 562 201)
4(200 201 562 561)
4(183 544 563 202)
4(201 202 563 562)
4(184 545 564 203)
4(202 203 564 563)
4(185 546 565 204)
4(203 204 565 564)
4(186 547 566 205)
4(204 205 566 565)
4(187 548 567 206)
4(205 206 567 566)
4(188 549 568 207)
4(206 207 568 567)
4(189 550 569 208)
4(207 208 569 568)
4(190 551 570 209)
4(208 209 570 569)
4(191 552 571 210)
4(209 210 571 570)
4(192 553 572 211)
4(210 211 572 571)
4(193 554 573 212)
4(211 212 573 572)
4(194 555 574 213)
4(212 213 574 573)
4(195 556 575 214)
4(213 214 575 574)
4(196 557 576 215)
4(214 215 576 575)
4(197 558 577 216)
4(215 216 577 576)
4(216 62 138 577)
4(198 559 578 217)
4(11 217 578 87)
4(199 560 579 218)
4(217 218 579 578)
4(200 561 580 219)
4(218 219 580 579)
4(201 562 581 220)
4(219 220 581 580)
4(202 563 582 221)
4(220 221 582 581)
4(203 564 583 222)
4(221 222 583 582)
4(204 565 584 223)
4(222 223 584 583)
4(205 566 585 224)
4(223 224 585 584)
4(206 567 586 225)
4(224 225 586 585)
4(207 568 587 226)
4(225 226 587 586)
4(208 569 588 227)
4(226 227 588 587)
4(209 570 589 228)
4(227 228 589 588)
4(210 571 590 229)
4(228 229 590 589)
4(211 572 591 230)
4(229 230 591 590)
4(212 573 592 231)
4(230 231 592 591)
4(213 574 593 232)
4(231 232 593 592)
4(214 575 594 233)
4(232 233 594 593)
4(215 576 595 234)
4(233 234 595 594)
4(216 577 596 235)
4(234 235 596 595)
4(235 61 137 596)
4(217 578 597 236)
4(12 236 597 88)
4(218 579 598 237)
4(236 237 598 597)
4(219 580 599 238)
4(237 238 599 598)
4(220 581 600 239)
4(238 239 600 599)
4(221 582 601 240)
4(239 240 601 600)
4(222 583 602 241)
4(240 241 602 601)
4(223 584 603 242)
4(241 242 603 602)
4(224 585 604 243)
4(242 243 604 603)
4(225 586 605 244)
4(243 244 605 604)
4(226 587 606 245)
4(244 245 606 605)
4(227 588 607 246)
4(245 246 607 606)
4(228 589 608 247)
4(246 247 608 607)
4(229 590 609 248)
4(247 248 609 608)
4(230 591 610 249)
4(248 249 610 609)
4(231 592 611 250)
4(249 250 611 610)
4(232 593 612 251)
4(250 251 612 611)
4(233 594 613 252)
4(251 252 613 612)
4(234 595 614 253)
4(252 253 614 613)
4(235 596 615 254)
4(253 254 615 614)
4(254 60 136 615)
4(236 597 616 255)
4(13 255 616 89)
4(237 598 617 256)
4(255 256 617 616)
4(238 599 618 257)
4(256 257 618 617)
4(239 600 619 258)
4(257 258 619 618)
4(240 601 620 259)
4(258 259 620 619)
4(241 602 621 260)
4(259 260 621 620)
4(242 603 622 261)
4(260 261 622 621)
4(243 604 623 262)
4(261 262 623 622)
4(244 605 624 263)
4(262 263 624 623)
4(245 606 625 264)
4(263 264 625 624)
4(246 607 626 265)
4(264 265 626 625)
4(247 608 627 266)
4(265 266 627 626)
4(248 609 628 267)
4(266 267 628 627)
4(249 610 629 268)
4(267 268 629 628)
4(250 611 630 269)
4(268 269 630 629)
4(251 612 631 270)
4(269 270 631 630)
4(252 613 632 271)
4(270 271 632 631)
4(253 614 633 272)
4(271 272 633 632)
4(254 615 634 273)
4(272 273 634 633)
4(273 59 135 634)
4(255 616 635 274)
4(14 274 635 90)
4(256 617 636 275)
4(274 275 636 635)
4(257 618 637 276)
4(275 276 637 636)
4(258 619 638 277)
4(276 277 638 637)
4(259 620 639 278)
4(277 278 639 638)
4(260 621 640 279)
4(278 279 640 639)
4(261 622 641 280)
4(279 280 641 640)
4(262 623 642 281)
4(280 281 642 641)
4(263 624 643 282)
4(281 282 643 642)
4(264 625 644 283)
4(282 283 644 643)
4(265 626 645 284)
4(283 284 645 644)
4(266 627 646 285)
4(284 285 646 645)
4(267 628 647 286)
4(285 286 647 646)
4(268 629 648 287)
4(286 287 648 647)
4(269 630 649 288)
4(287 288 649 648)
4(270 631 650 289)
4(288 289 650 649)
4(271 632 651 290)
4(289 290 651 650)
4(272 633 652 291)
4(290 291 652 651)
4(273 634 653 292)
4(291 292 653 652)
4(292 58 134 653)
4(274 635 654 293)
4(15 293 654 91)
4(275 636 655 294)
4(293 294 655 654)
4(276 637 656 295)
4(294 295 656 655)
4(277 638 657 296)
4(295 296 657 656)
4(278 639 658 297)
4(296 297 658 657)
4(279 640 659 298)
4(297 298 659 658)
4(280 641 660 299)
4(298 299 660 659)
4(281 642 661 300)
4(299 300 661 660)
4(282 643 662 301)
4(300 301 662 661)
4(283 644 663 302)
4(301 302 663 662)
4(284 645 664 303)
4(302 303 664 663)
4(285 646 665 304)
4(303 304 665 664)
4(286 647 666 305)
4(304 305 666 665)
4(287 648 667 306)
4(305 306 667 666)
4(288 649 668 307)
4(306 307 668 667)
4(289 650 669 308)
4(307 308 669 668)
4(290 651 670 309)
4(308 309 670 669)
4(291 652 671 310)
4(309 310 671 670)
4(292 653 672 311)
4(310 311 672 671)
4(311 57 133 672)
4(293 654 673 312)
4(16 312 673 92)
4(294 655 674 313)
4(312 313 674 673)
4(295 656 675 314)
4(313 314 675 674)
4(296 657 676 315)
4(314 315 676 675)
4(297 658 677 316)
4(315 316 677 676)
4(298 659 678 317)
4(316 317 678 677)
4(299 660 679 318)
4(317 318 679 678)
4(300 661 680 319)
4(318 319 680 679)
4(301 662 681 320)
4(319 320 681 680)
4(302 663 682 321)
4(320 321 682 681)
4(303 664 683 322)
4(321 322 683 682)
4(304 665 684 323)
4(322 323 684 683)
4(305 666 685 324)
4(323 324 685 684)
4(306 667 686 325)
4(324 325 686 685)
4(307 668 687 326)
4(325 326 687 686)
4(308 669 688 327)
4(326 327 688 687)
4(309 670 689 328)
4(327 328 689 688)
4(310 671 690 329)
4(328 329 690 689)
4(311 672 691 330)
4(329 330 691 690)
4(330 56 132 691)
4(312 673 692 331)
4(17 331 692 93)
4(313 674 693 332)
4(331 332 693 692)
4(314 675 694 333)
4(332 333 694 693)
4(315 676 695 334)
4(333 334 695 694)
4(316 677 696 335)
4(334 335 696 695)
4(317 678 697 336)
4(335 336 697 696)
4(318 679 698 337)
4(336 337 698 697)
4(319 680 699 338)
4(337 338 699 698)
4(320 681 700 339)
4(338 339 700 699)
4(321 682 701 340)
4(339 340 701 700)
4(322 683 702 341)
4(340 341 702 701)
4(323 684 703 342)
4(341 342 703 702)
4(324 685 704 343)
4(342 343 704 703)
4(325 686 705 344)
4(343 344 705 704)
4(326 687 706 345)
4(344 345 706 705)
4(327 688 707 346)
4(345 346 707 706)
4(328 689 708 347)
4(346 347 708 707)
4(329 690 709 348)
4(347 348 709 708)
4(330 691 710 349)
4(348 349 710 709)
4(349 55 131 710)
4(331 692 711 350)
4(18 350 711 94)
4(332 693 712 351)
4(350 351 712 711)
4(333 694 713 352)
4(351 352 713 712)
4(334 695 714 353)
4(352 353 714 713)
4(335 696 715 354)
4(353 354 715 714)
4(336 697 716 355)
4(354 355 716 715)
4(337 698 717 356)
4(355 356 717 716)
4(338 699 718 357)
4(356 357 718 717)
4(339 700 719 358)
4(357 358 719 718)
4(340 701 720 359)
4(358 359 720 719)
4(341 702 721 360)
4(359 360 721 720)
4(342 703 722 361)
4(360 361 722 721)
4(343 704 723 362)
4(361 362 723 722)
4(344 705 724 363)
4(362 363 724 723)
4(345 706 725 364)
4(363 364 725 724)
4(346 707 726 365)
4(364 365 726 725)
4(347 708 727 366)
4(365 366 727 726)
4(348 709 728 367)
4(366 367 728 727)
4(349 710 729 368)
4(367 368 729 728)
4(368 54 130 729)
4(350 711 730 369)
4(19 369 730 95)
4(351 712 731 370)
4(369 370 731 730)
4(352 713 732 371)
4(370 371 732 731)
4(353 714 733 372)
4(371 372 733 732)
4(354 715 734 373)
4(372 373 734 733)
4(355 716 735 374)
4(373 374 735 734)
4(356 717 736 375)
4(374 375 736 735)
4(357 718 737 376)
4(375 376 737 736)
4(358 719 738 377)
4(376 377 738 737)
4(359 720 739 378)
4(377 378 739 738)
4(360 721 740 379)
4(378 379 740 739)
4(361 722 741 380)
4(379 380 741 740)
4(362 723 742 381)
4(380 381 742 741)
4(363 724 743 382)
4(381 382 743 742)
4(364 725 744 383)
4(382 383 744 743)
4(365 726 745 384)
4(383 384 745 744)
4(366 727 746 385)
4(384 385 746 745)
4(367 728 747 386)
4(385 386 747 746)
4(368 729 748 387)
4(386 387 748 747)
4(387 53 129 748)
4(369 730 749 388)
4(20 388 749 96)
4(370 731 750 389)
4(388 389 750 749)
4(371 732 751 390)
4(389 390 751 750)
4(372 733 752 391)
4(390 391 752 751)
4(373 734 753 392)
4(391 392 753 752)
4(374 735 754 393)
4(392 393 754 753)
4(375 736 755 394)
4(393 394 755 754)
4(376 737 756 395)
4(394 395 756 755)
4(377 738 757 396)
4(395 396 757 756)
4(378 739 758 397)
4(396 397 758 757)
4(379 740 759 398)
4(397 398 759 758)
4(380 741 760 399)
4(398 399 760 759)
4(381 742 761 400)
4(399 400 761 760)
4(382 743 762 401)
4(400 401 762 761)
4(383 744 763 402)
4(401 402 763 762)
4(384 745 764 403)
4(402 403 764 763)
4(385 746 765 404)
4(403 404 765 764)
4(386 747 766 405)
4(404 405 766 765)
4(387 748 767 406)
4(405 406 767 766)
4(406 52 128 767)
4(388 749 768 407)
4(21 407 768 97)
4(389 750 769 408)
4(407 408 769 768)
4(390 751 770 409)
4(408 409 770 769)
4(391 752 771 410)
4(409 410 771 770)
4(392 753 772 411)
4(410 411 772 771)
4(393 754 773 412)
4(411 412 773 772)
4(394 755 774 413)
4(412 413 774 773)
4(395 756 775 414)
4(413 414 775 774)
4(396 757 776 415)
4(414 415 776 775)
4(397 758 777 416)
4(415 416 777 776)
4(398 759 778 417)
4(416 417 778 777)
4(399 760 779 418)
4(417 418 779 778)
4(400 761 780 419)
4(418 419 780 779)
4(401 762 781 420)
4(419 420 781 780)
4(402 763 782 421)
4(420 421 782 781)
4(403 764 783 422)
4(421 422 783 782)
4(404 765 784 423)
4(422 423 784 783)
4(405 766 785 424)
4(423 424 785 784)
4(406 767 786 425)
4(424 425 786 785)
4(425 51 127 786)
4(407 768 787 426)
4(22 426 787 98)
4(408 769 788 427)
4(426 427 788 787)
4(409 770 789 428)
4(427 428 789 788)
4(410 771 790 429)
4(428 429 790 789)
4(411 772 791 430)
4(429 430 791 790)
4(412 773 792 431)
4(430 431 792 791)
4(413 774 793 432)
4(431 432 793 792)
4(414 775 794 433)
4(432 433 794 793)
4(415 776 795 434)
4(433 434 795 794)
4(416 777 796 435)
4(434 435 796 795)
4(417 778 797 436)
4(435 436 797 796)
4(418 779 798 437)
4(436 437 798 797)
4(419 780 799 438)
4(437 438 799 798)
4(420 781 800 439)
4(438 439 800 799)
4(421 782 801 440)
4(439 440 801 800)
4(422 783 802 441)
4(440 441 802 801)
4(423 784 803 442)
4(441 442 803 802)
4(424 785 804 443)
4(442 443 804 803)
4(425 786 805 444)
4(443 444 805 804)
4(444 50 126 805)
4(426 787 806 445)
4(23 445 806 99)
4(427 788 807 446)
4(445 446 807 806)
4(428 789 808 447)
4(446 447 808 807)
4(429 790 809 448)
4(447 448 809 808)
4(430 791 810 449)
4(448 449 810 809)
4(431 792 811 450)
4(449 450 811 810)
4(432 793 812 451)
4(450 451 812 811)
4(433 794 813 452)
4(451 452 813 812)
4(434 795 814 453)
4(452 453 814 813)
4(435 796 815 454)
4(453 454 815 814)
4(436 797 816 455)
4(454 455 816 815)
4(437 798 817 456)
4(455 456 817 816)
4(438 799 818 457)
4(456 457 818 817)
4(439 800 819 458)
4(457 458 819 818)
4(440 801 820 459)
4(458 459 820 819)
4(441 802 821 460)
4(459 460 821 820)
4(442 803 822 461)
4(460 461 822 821)
4(443 804 823 462)
4(461 462 823 822)
4(444 805 824 463)
4(462 463 824 823)
4(463 49 125 824)
4(445 806 825 464)
4(24 464 825 100)
4(446 807 826 465)
4(464 465 826 825)
4(447 808 827 466)
4(465 466 827 826)
4(448 809 828 467)
4(466 467 828 827)
4(449 810 829 468)
4(467 468 829 828)
4(450 811 830 469)
4(468 469 830 829)
4(451 812 831 470)
4(469 470 831 830)
4(452 813 832 471)
4(470 471 832 831)
4(453 814 833 472)
4(471 472 833 832)
4(454 815 834 473)
4(472 473 834 833)
4(455 816 835 474)
4(473 474 835 834)
4(456 817 836 475)
4(474 475 836 835)
4(457 818 837 476)
4(475 476 837 836)
4(458 819 838 477)
4(476 477 838 837)
4(459 820 839 478)
4(477 478 839 838)
4(460 821 840 479)
4(478 479 840 839)
4(461 822 841 480)
4(479 480 841 840)
4(462 823 842 481)
4(480 481 842 841)
4(463 824 843 482)
4(481 482 843 842)
4(482 48 124 843)
4(464 825 844 483)
4(25 483 844 101)
4(465 826 845 484)
4(483 484 845 844)
4(466 827 846 485)
4(484 485 846 845)
4(467 828 847 486)
4(485 486 847 846)
4(468 829 848 487)
4(486 487 848 847)
4(469 830 849 488)
4(487 488 849 848)
4(470 831 850 489)
4(488 489 850 849)
4(471 832 851 490)
4(489 490 851 850)
4(472 833 852 491)
4(490 491 852 851)
4(473 834 853 492)
4(491 492 853 852)
4(474 835 854 493)
4(492 493 854 853)
4(475 836 855 494)
4(493 494 855 854)
4(476 837 856 495)
4(494 495 856 855)
4(477 838 857 496)
4(495 496 857 856)
4(478 839 858 497)
4(496 497 858 857)
4(479 840 859 498)
4(497 498 859 858)
4(480 841 860 499)
4(498 499 860 859)
4(481 842 861 500)
4(499 500 861 860)
4(482 843 862 501)
4(500 501 862 861)
4(501 47 123 862)
4(483 844 863 502)
4(26 502 863 102)
4(484 845 864 503)
4(502 503 864 863)
4(485 846 865 504)
4(503 504 865 864)
4(486 847 866 505)
4(504 505 866 865)
4(487 848 867 506)
4(505 506 867 866)
4(488 849 868 507)
4(506 507 868 867)
4(489 850 869 508)
4(507 508 869 868)
4(490 851 870 509)
4(508 509 870 869)
4(491 852 871 510)
4(509 510 871 870)
4(492 853 872 511)
4(510 511 872 871)
4(493 854 873 512)
4(511 512 873 872)
4(494 855 874 513)
4(512 513 874 873)
4(495 856 875 514)
4(513 514 875 874)
4(496 857 876 515)
4(514 515 876 875)
4(497 858 877 516)
4(515 516 877 876)
4(498 859 878 517)
4(516 517 878 877)
4(499 860 879 518)
4(517 518 879 878)
4(500 861 880 519)
4(518 519 880 879)
4(501 862 881 520)
4(519 520 881 880)
4(520 46 122 881)
4(502 863 103 27)
4(503 864 104 28)
4(504 865 105 29)
4(505 866 106 30)
4(506 867 107 31)
4(507 868 108 32)
4(508 869 109 33)
4(509 870 110 34)
4(510 871 111 35)
4(511 872 112 36)
4(512 873 113 37)
4(513 874 114 38)
4(514 875 115 39)
4(515 876 116 40)
4(516 877 117 41)
4(517 878 118 42)
4(518 879 119 43)
4(519 880 120 44)
4(520 881 121 45)
4(0 83 160 8)
4(4 84 521 159)
4(83 82 161 160)
4(159 521 522 158)
4(82 81 162 161)
4(158 522 523 157)
4(81 80 163 162)
4(157 523 524 156)
4(80 79 164 163)
4(156 524 525 155)
4(79 78 165 164)
4(155 525 526 154)
4(78 77 166 165)
4(154 526 527 153)
4(77 76 167 166)
4(153 527 528 152)
4(76 75 168 167)
4(152 528 529 151)
4(75 74 169 168)
4(151 529 530 150)
4(74 73 170 169)
4(150 530 531 149)
4(73 72 171 170)
4(149 531 532 148)
4(72 71 172 171)
4(148 532 533 147)
4(71 70 173 172)
4(147 533 534 146)
4(70 69 174 173)
4(146 534 535 145)
4(69 68 175 174)
4(145 535 536 144)
4(68 67 176 175)
4(144 536 537 143)
4(67 66 177 176)
4(143 537 538 142)
4(66 65 178 177)
4(142 538 539 141)
4(65 3 64 178)
4(141 539 140 7)
4(8 160 179 9)
4(84 85 540 521)
4(160 161 180 179)
4(521 540 541 522)
4(161 162 181 180)
4(522 541 542 523)
4(162 163 182 181)
4(523 542 543 524)
4(163 164 183 182)
4(524 543 544 525)
4(164 165 184 183)
4(525 544 545 526)
4(165 166 185 184)
4(526 545 546 527)
4(166 167 186 185)
4(527 546 547 528)
4(167 168 187 186)
4(528 547 548 529)
4(168 169 188 187)
4(529 548 549 530)
4(169 170 189 188)
4(530 549 550 531)
4(170 171 190 189)
4(531 550 551 532)
4(171 172 191 190)
4(532 551 552 533)
4(172 173 192 191)
4(533 552 553 534)
4(173 174 193 192)
4(534 553 554 535)
4(174 175 194 193)
4(535 554 555 536)
4(175 176 195 194)
4(536 555 556 537)
4(176 177 196 195)
4(537 556 557 538)
4(177 178 197 196)
4(538 557 558 539)
4(178 64 63 197)
4(539 558 139 140)
4(9 179 198 10)
4(85 86 559 540)
4(179 180 199 198)
4(540 559 560 541)
4(180 181 200 199)
4(541 560 561 542)
4(181 182 201 200)
4(542 561 562 543)
4(182 183 202 201)
4(543 562 563 544)
4(183 184 203 202)
4(544 563 564 545)
4(184 185 204 203)
4(545 564 565 546)
4(185 186 205 204)
4(546 565 566 547)
4(186 187 206 205)
4(547 566 567 548)
4(187 188 207 206)
4(548 567 568 549)
4(188 189 208 207)
4(549 568 569 550)
4(189 190 209 208)
4(550 569 570 551)
4(190 191 210 209)
4(551 570 571 552)
4(191 192 211 210)
4(552 571 572 553)
4(192 193 212 211)
4(553 572 573 554)
4(193 194 213 212)
4(554 573 574 555)
4(194 195 214 213)
4(555 574 575 556)
4(195 196 215 214)
4(556 575 576 557)
4(196 197 216 215)
4(557 576 577 558)
4(197 63 62 216)
4(558 577 138 139)
4(10 198 217 11)
4(86 87 578 559)
4(198 199 218 217)
4(559 578 579 560)
4(199 200 219 218)
4(560 579 580 561)
4(200 201 220 219)
4(561 580 581 562)
4(201 202 221 220)
4(562 581 582 563)
4(202 203 222 221)
4(563 582 583 564)
4(203 204 223 222)
4(564 583 584 565)
4(204 205 224 223)
4(565 584 585 566)
4(205 206 225 224)
4(566 585 586 567)
4(206 207 226 225)
4(567 586 587 568)
4(207 208 227 226)
4(568 587 588 569)
4(208 209 228 227)
4(569 588 589 570)
4(209 210 229 228)
4(570 589 590 571)
4(210 211 230 229)
4(571 590 591 572)
4(211 212 231 230)
4(572 591 592 573)
4(212 213 232 231)
4(573 592 593 574)
4(213 214 233 232)
4(574 593 594 575)
4(214 215 234 233)
4(575 594 595 576)
4(215 216 235 234)
4(576 595 596 577)
4(216 62 61 235)
4(577 596 137 138)
4(11 217 236 12)
4(87 88 597 578)
4(217 218 237 236)
4(578 597 598 579)
4(218 219 238 237)
4(579 598 599 580)
4(219 220 239 238)
4(580 599 600 581)
4(220 221 240 239)
4(581 600 601 582)
4(221 222 241 240)
4(582 601 602 583)
4(222 223 242 241)
4(583 602 603 584)
4(223 224 243 242)
4(584 603 604 585)
4(224 225 244 243)
4(585 604 605 586)
4(225 226 245 244)
4(586 605 606 587)
4(226 227 246 245)
4(587 606 607 588)
4(227 228 247 246)
4(588 607 608 589)
4(228 229 248 247)
4(589 608 609 590)
4(229 230 249 248)
4(590 609 610 591)
4(230 231 250 249)
4(591 610 611 592)
4(231 232 251 250)
4(592 611 612 593)
4(232 233 252 251)
4(593 612 613 594)
4(233 234 253 252)
4(594 613 614 595)
4(234 235 254 253)
4(595 614 615 596)
4(235 61 60 254)
4(596 615 136 137)
4(12 236 255 13)
4(88 89 616 597)
4(236 237 256 255)
4(597 616 617 598)
4(237 238 257 256)
4(598 617 618 599)
4(238 239 258 257)
4(599 618 619 600)
4(239 240 259 258)
4(600 619 620 601)
4(240 241 260 259)
4(601 620 621 602)
4(241 242 261 260)
4(602 621 622 603)
4(242 243 262 261)
4(603 622 623 604)
4(243 244 263 262)
4(604 623 624 605)
4(244 245 264 263)
4(605 624 625 606)
4(245 246 265 264)
4(606 625 626 607)
4(246 247 266 265)
4(607 626 627 608)
4(247 248 267 266)
4(608 627 628 609)
4(248 249 268 267)
4(609 628 629 610)
4(249 250 269 268)
4(610 629 630 611)
4(250 251 270 269)
4(611 630 631 612)
4(251 252 271 270)
4(612 631 632 613)
4(252 253 272 271)
4(613 632 633 614)
4(253 254 273 272)
4(614 633 634 615)
4(254 60 59 273)
4(615 634 135 136)
4(13 255 274 14)
4(89 90 635 616)
4(255 256 275 274)
4(616 635 636 617)
4(256 257 276 275)
4(617 636 637 618)
4(257 258 277 276)
4(618 637 638 619)
4(258 259 278 277)
4(619 638 639 620)
4(259 260 279 278)
4(620 639 640 621)
4(260 261 280 279)
4(621 640 641 622)
4(261 262 281 280)
4(622 641 642 623)
4(262 263 282 281)
4(623 642 643 624)
4(263 264 283 282)
4(624 643 644 625)
4(264 265 284 283)
4(625 644 645 626)
4(265 266 285 284)
4(626 645 646 627)
4(266 267 286 285)
4(627 646 647 628)
4(267 268 287 286)
4(628 647 648 629)
4(268 269 288 287)
4(629 648 649 630)
4(269 270 289 288)
4(630 649 650 631)
4(270 271 290 289)
4(631 650 651 632)
4(271 272 291 290)
4(632 651 652 633)
4(272 273 292 291)
4(633 652 653 634)
4(273 59 58 292)
4(634 653 134 135)
4(14 274 293 15)
4(90 91 654 635)
4(274 275 294 293)
4(635 654 655 636)
4(275 276 295 294)
4(636 655 656 637)
4(276 277 296 295)
4(637 656 657 638)
4(277 278 297 296)
4(638 657 658 639)
4(278 279 298 297)
4(639 658 659 640)
4(279 280 299 298)
4(640 659 660 641)
4(280 281 300 299)
4(641 660 661 642)
4(281 282 301 300)
4(642 661 662 643)
4(282 283 302 301)
4(643 662 663 644)
4(283 284 303 302)
4(644 663 664 645)
4(284 285 304 303)
4(645 664 665 646)
4(285 286 305 304)
4(646 665 666 647)
4(286 287 306 305)
4(647 666 667 648)
4(287 288 307 306)
4(648 667 668 649)
4(288 289 308 307)
4(649 668 669 650)
4(289 290 309 308)
4(650 669 670 651)
4(290 291 310 309)
4(651 670 671 652)
4(291 292 311 310)
4(652 671 672 653)
4(292 58 57 311)
4(653 672 133 134)
4(15 293 312 16)
4(91 92 673 654)
4(293 294 313 312)
4(654 673 674 655)
4(294 295 314 313)
4(655 674 675 656)
4(295 296 315 314)
4(656 675 676 657)
4(296 297 316 315)
4(657 676 677 658)
4(297 298 317 316)
4(658 677 678 659)
4(298 299 318 317)
4(659 678 679 660)
4(299 300 319 318)
4(660 679 680 661)
4(300 301 320 319)
4(661 680 681 662)
4(301 302 321 320)
4(662 681 682 663)
4(302 303 322 321)
4(663 682 683 664)
4(303 304 323 322)
4(664 683 684 665)
4(304 305 324 323)
4(665 684 685 666)
4(305 306 325 324)
4(666 685 686 667)
4(306 307 326 325)
4(667 686 687 668)
4(307 308 327 326)
4(668 687 688 669)
4(308 309 328 327)
4(669 688 689 670)
4(309 310 329 328)
4(670 689 690 671)
4(310 311 330 329)
4(671 690 691 672)
4(311 57 56 330)
4(672 691 132 133)
4(16 312 331 17)
4(92 93 692 673)
4(312 313 332 331)
4(673 692 693 674)
4(313 314 333 332)
4(674 693 694 675)
4(314 315 334 333)
4(675 694 695 676)
4(315 316 335 334)
4(676 695 696 677)
4(316 317 336 335)
4(677 696 697 678)
4(317 318 337 336)
4(678 697 698 679)
4(318 319 338 337)
4(679 698 699 680)
4(319 320 339 338)
4(680 699 700 681)
4(320 321 340 339)
4(681 700 701 682)
4(321 322 341 340)
4(682 701 702 683)
4(322 323 342 341)
4(683 702 703 684)
4(323 324 343 342)
4(684 703 704 685)
4(324 325 344 343)
4(685 704 705 686)
4(325 326 345 344)
4(686 705 706 687)
4(326 327 346 345)
4(687 706 707 688)
4(327 328 347 346)
4(688 707 708 689)
4(328 329 348 347)
4(689 708 709 690)
4(329 330 349 348)
4(690 709 710 691)
4(330 56 55 349)
4(691 710 131 132)
4(17 331 350 18)
4(93 94 711 692)
4(331 332 351 350)
4(692 711 712 693)
4(332 333 352 351)
4(693 712 713 694)
4(333 334 353 352)
4(694 713 714 695)
4(334 335 354 353)
4(695 714 715 696)
4(335 336 355 354)
4(696 715 716 697)
4(336 337 356 355)
4(697 716 717 698)
4(337 338 357 356)
4(698 717 718 699)
4(338 339 358 357)
4(699 718 719 700)
4(339 340 359 358)
4(700 719 720 701)
4(340 341 360 359)
4(701 720 721 702)
4(341 342 361 360)
4(702 721 722 703)
4(342 343 362 361)
4(703 722 723 704)
4(343 344 363 362)
4(704 723 724 705)
4(344 345 364 363)
4(705 724 725 706)
4(345 346 365 364)
4(706 725 726 707)
4(346 347 366 365)
4(707 726 727 708)
4(347 348 367 366)
4(708 727 728 709)
4(348 349 368 367)
4(709 728 729 710)
4(349 55 54 368)
4(710 729 130 131)
4(18 350 369 19)
4(94 95 730 711)
4(350 351 370 369)
4(711 730 731 712)
4(351 352 371 370)
4(712 731 732 713)
4(352 353 372 371)
4(713 732 733 714)
4(353 354 373 372)
4(714 733 734 715)
4(354 355 374 373)
4(715 734 735 716)
4(355 356 375 374)
4(716 735 736 717)
4(356 357 376 375)
4(717 736 737 718)
4(357 358 377 376)
4(718 737 738 719)
4(358 359 378 377)
4(719 738 739 720)
4(359 360 379 378)
4(720 739 740 721)
4(360 361 380 379)
4(721 740 741 722)
4(361 362 381 380)
4(722 741 742 723)
4(362 363 382 381)
4(723 742 743 724)
4(363 364 383 382)
4(724 743 744 725)
4(364 365 384 383)
4(725 744 745 726)
4(365 366 385 384)
4(726 745 746 727)
4(366 367 386 385)
4(727 746 747 728)
4(367 368 387 386)
4(728 747 748 729)
4(368 54 53 387)
4(729 748 129 130)
4(19 369 388 20)
4(95 96 749 730)
4(369 370 389 388)
4(730 749 750 731)
4(370 371 390 389)
4(731 750 751 732)
4(371 372 391 390)
4(732 751 752 733)
4(372 373 392 391)
4(733 752 753 734)
4(373 374 393 392)
4(734 753 754 735)
4(374 375 394 393)
4(735 754 755 736)
4(375 376 395 394)
4(736 755 756 737)
4(376 377 396 395)
4(737 756 757 738)
4(377 378 397 396)
4(738 757 758 739)
4(378 379 398 397)
4(739 758 759 740)
4(379 380 399 398)
4(740 759 760 741)
4(380 381 400 399)
4(741 760 761 742)
4(381 382 401 400)
4(742 761 762 743)
4(382 383 402 401)
4(743 762 763 744)
4(383 384 403 402)
4(744 763 764 745)
4(384 385 404 403)
4(745 764 765 746)
4(385 386 405 404)
4(746 765 766 747)
4(386 387 406 405)
4(747 766 767 748)
4(387 53 52 406)
4(748 767 128 129)
4(20 388 407 21)
4(96 97 768 749)
4(388 389 408 407)
4(749 768 769 750)
4(389 390 409 408)
4(750 769 770 751)
4(390 391 410 409)
4(751 770 771 752)
4(391 392 411 410)
4(752 771 772 753)
4(392 393 412 411)
4(753 772 773 754)
4(393 394 413 412)
4(754 773 774 755)
4(394 395 414 413)
4(755 774 775 756)
4(395 396 415 414)
4(756 775 776 757)
4(396 397 416 415)
4(757 776 777 758)
4(397 398 417 416)
4(758 777 778 759)
4(398 399 418 417)
4(759 778 779 760)
4(399 400 419 418)
4(760 779 780 761)
4(400 401 420 419)
4(761 780 781 762)
4(401 402 421 420)
4(762 781 782 763)
4(402 403 422 421)
4(763 782 783 764)
4(403 404 423 422)
4(764 783 784 765)
4(404 405 424 423)
4(765 784 785 766)
4(405 406 425 424)
4(766 785 786 767)
4(406 52 51 425)
4(767 786 127 128)
4(21 407 426 22)
4(97 98 787 768)
4(407 408 427 426)
4(768 787 788 769)
4(408 409 428 427)
4(769 788 789 770)
4(409 410 429 428)
4(770 789 790 771)
4(410 411 430 429)
4(771 790 791 772)
4(411 412 431 430)
4(772 791 792 773)
4(412 413 432 431)
4(773 792 793 774)
4(413 414 433 432)
4(774 793 794 775)
4(414 415 434 433)
4(775 794 795 776)
4(415 416 435 434)
4(776 795 796 777)
4(416 417 436 435)
4(777 796 797 778)
4(417 418 437 436)
4(778 797 798 779)
4(418 419 438 437)
4(779 798 799 780)
4(419 420 439 438)
4(780 799 800 781)
4(420 421 440 439)
4(781 800 801 782)
4(421 422 441 440)
4(782 801 802 783)
4(422 423 442 441)
4(783 802 803 784)
4(423 424 443 442)
4(784 803 804 785)
4(424 425 444 443)
4(785 804 805 786)
4(425 51 50 444)
4(786 805 126 127)
4(22 426 445 23)
4(98 99 806 787)
4(426 427 446 445)
4(787 806 807 788)
4(427 428 447 446)
4(788 807 808 789)
4(428 429 448 447)
4(789 808 809 790)
4(429 430 449 448)
4(790 809 810 791)
4(430 431 450 449)
4(791 810 811 792)
4(431 432 451 450)
4(792 811 812 793)
4(432 433 452 451)
4(793 812 813 794)
4(433 434 453 452)
4(794 813 814 795)
4(434 435 454 453)
4(795 814 815 796)
4(435 436 455 454)
4(796 815 816 797)
4(436 437 456 455)
4(797 816 817 798)
4(437 438 457 456)
4(798 817 818 799)
4(438 439 458 457)
4(799 818 819 800)
4(439 440 459 458)
4(800 819 820 801)
4(440 441 460 459)
4(801 820 821 802)
4(441 442 461 460)
4(802 821 822 803)
4(442 443 462 461)
4(803 822 823 804)
4(443 444 463 462)
4(804 823 824 805)
4(444 50 49 463)
4(805 824 125 126)
4(23 445 464 24)
4(99 100 825 806)
4(445 446 465 464)
4(806 825 826 807)
4(446 447 466 465)
4(807 826 827 808)
4(447 448 467 466)
4(808 827 828 809)
4(448 449 468 467)
4(809 828 829 810)
4(449 450 469 468)
4(810 829 830 811)
4(450 451 470 469)
4(811 830 831 812)
4(451 452 471 470)
4(812 831 832 813)
4(452 453 472 471)
4(813 832 833 814)
4(453 454 473 472)
4(814 833 834 815)
4(454 455 474 473)
4(815 834 835 816)
4(455 456 475 474)
4(816 835 836 817)
4(456 457 476 475)
4(817 836 837 818)
4(457 458 477 476)
4(818 837 838 819)
4(458 459 478 477)
4(819 838 839 820)
4(459 460 479 478)
4(820 839 840 821)
4(460 461 480 479)
4(821 840 841 822)
4(461 462 481 480)
4(822 841 842 823)
4(462 463 482 481)
4(823 842 843 824)
4(463 49 48 482)
4(824 843 124 125)
4(24 464 483 25)
4(100 101 844 825)
4(464 465 484 483)
4(825 844 845 826)
4(465 466 485 484)
4(826 845 846 827)
4(466 467 486 485)
4(827 846 847 828)
4(467 468 487 486)
4(828 847 848 829)
4(468 469 488 487)
4(829 848 849 830)
4(469 470 489 488)
4(830 849 850 831)
4(470 471 490 489)
4(831 850 851 832)
4(471 472 491 490)
4(832 851 852 833)
4(472 473 492 491)
4(833 852 853 834)
4(473 474 493 492)
4(834 853 854 835)
4(474 475 494 493)
4(835 854 855 836)
4(475 476 495 494)
4(836 855 856 837)
4(476 477 496 495)
4(837 856 857 838)
4(477 478 497 496)
4(838 857 858 839)
4(478 479 498 497)
4(839 858 859 840)
4(479 480 499 498)
4(840 859 860 841)
4(480 481 500 499)
4(841 860 861 842)
4(481 482 501 500)
4(842 861 862 843)
4(482 48 47 501)
4(843 862 123 124)
4(25 483 502 26)
4(101 102 863 844)
4(483 484 503 502)
4(844 863 864 845)
4(484 485 504 503)
4(845 864 865 846)
4(485 486 505 504)
4(846 865 866 847)
4(486 487 506 505)
4(847 866 867 848)
4(487 488 507 506)
4(848 867 868 849)
4(488 489 508 507)
4(849 868 869 850)
4(489 490 509 508)
4(850 869 870 851)
4(490 491 510 509)
4(851 870 871 852)
4(491 492 511 510)
4(852 871 872 853)
4(492 493 512 511)
4(853 872 873 854)
4(493 494 513 512)
4(854 873 874 855)
4(494 495 514 513)
4(855 874 875 856)
4(495 496 515 514)
4(856 875 876 857)
4(496 497 516 515)
4(857 876 877 858)
4(497 498 517 516)
4(858 877 878 859)
4(498 499 518 517)
4(859 878 879 860)
4(499 500 519 518)
4(860 879 880 861)
4(500 501 520 519)
4(861 880 881 862)
4(501 47 46 520)
4(862 881 122 123)
4(26 502 27 1)
4(102 5 103 863)
4(502 503 28 27)
4(863 103 104 864)
4(503 504 29 28)
4(864 104 105 865)
4(504 505 30 29)
4(865 105 106 866)
4(505 506 31 30)
4(866 106 107 867)
4(506 507 32 31)
4(867 107 108 868)
4(507 508 33 32)
4(868 108 109 869)
4(508 509 34 33)
4(869 109 110 870)
4(509 510 35 34)
4(870 110 111 871)
4(510 511 36 35)
4(871 111 112 872)
4(511 512 37 36)
4(872 112 113 873)
4(512 513 38 37)
4(873 113 114 874)
4(513 514 39 38)
4(874 114 115 875)
4(514 515 40 39)
4(875 115 116 876)
4(515 516 41 40)
4(876 116 117 877)
4(516 517 42 41)
4(877 117 118 878)
4(517 518 43 42)
4(878 118 119 879)
4(518 519 44 43)
4(879 119 120 880)
4(519 520 45 44)
4(880 120 121 881)
4(520 46 2 45)
4(881 121 6 122)
4(0 4 159 83)
4(0 8 84 4)
4(83 159 158 82)
4(82 158 157 81)
4(81 157 156 80)
4(80 156 155 79)
4(79 155 154 78)
4(78 154 153 77)
4(77 153 152 76)
4(76 152 151 75)
4(75 151 150 74)
4(74 150 149 73)
4(73 149 148 72)
4(72 148 147 71)
4(71 147 146 70)
4(70 146 145 69)
4(69 145 144 68)
4(68 144 143 67)
4(67 143 142 66)
4(66 142 141 65)
4(65 141 7 3)
4(3 7 140 64)
4(8 9 85 84)
4(64 140 139 63)
4(9 10 86 85)
4(63 139 138 62)
4(10 11 87 86)
4(62 138 137 61)
4(11 12 88 87)
4(61 137 136 60)
4(12 13 89 88)
4(60 136 135 59)
4(13 14 90 89)
4(59 135 134 58)
4(14 15 91 90)
4(58 134 133 57)
4(15 16 92 91)
4(57 133 132 56)
4(16 17 93 92)
4(56 132 131 55)
4(17 18 94 93)
4(55 131 130 54)
4(18 19 95 94)
4(54 130 129 53)
4(19 20 96 95)
4(53 129 128 52)
4(20 21 97 96)
4(52 128 127 51)
4(21 22 98 97)
4(51 127 126 50)
4(22 23 99 98)
4(50 126 125 49)
4(23 24 100 99)
4(49 125 124 48)
4(24 25 101 100)
4(48 124 123 47)
4(25 26 102 101)
4(47 123 122 46)
4(1 27 103 5)
4(26 1 5 102)
4(27 28 104 103)
4(28 29 105 104)
4(29 30 106 105)
4(30 31 107 106)
4(31 32 108 107)
4(32 33 109 108)
4(33 34 110 109)
4(34 35 111 110)
4(35 36 112 111)
4(36 37 113 112)
4(37 38 114 113)
4(38 39 115 114)
4(39 40 116 115)
4(40 41 117 116)
4(41 42 118 117)
4(42 43 119 118)
4(43 44 120 119)
4(44 45 121 120)
4(45 2 6 121)
4(46 122 6 2)
)


// ************************************************************************* //
