/*--------------------------------*- C++ -*----------------------------------*\
| =========                 |                                                 |
| \\      /  F ield         | OpenFOAM: The Open Source CFD Toolbox           |
|  \\    /   O peration     | Version:  v1806                                 |
|   \\  /    A nd           | Web:      www.OpenFOAM.com                      |
|    \\/     M anipulation  |                                                 |
\*---------------------------------------------------------------------------*/
FoamFile
{
    version     2.0;
    format      ascii;
    class       vectorField;
    location    "constant/polyMesh";
    object      points;
}
// * * * * * * * * * * * * * * * * * * * * * * * * * * * * * * * * * * * * * //


128
(
(0 0 0)
(1 0 0)
(1 1 0)
(0 1 0)
(0 0 0.1)
(1 0 0.1)
(1 1 0.1)
(0 1 0.1)
(0.1428571429 0 0)
(0.2857142857 0 0)
(0.4285714286 0 0)
(0.5714285714 0 0)
(0.7142857143 0 0)
(0.8571428571 0 0)
(1 0.1428571429 0)
(1 0.2857142857 0)
(1 0.4285714286 0)
(1 0.5714285714 0)
(1 0.7142857143 0)
(1 0.8571428571 0)
(0.8571428571 1 0)
(0.7142857143 1 0)
(0.5714285714 1 0)
(0.4285714286 1 0)
(0.2857142857 1 0)
(0.1428571429 1 0)
(0 0.8571428571 0)
(0 0.7142857143 0)
(0 0.5714285714 0)
(0 0.4285714286 0)
(0 0.2857142857 0)
(0 0.1428571429 0)
(0.1428571429 0 0.1)
(0.2857142857 0 0.1)
(0.4285714286 0 0.1)
(0.5714285714 0 0.1)
(0.7142857143 0 0.1)
(0.8571428571 0 0.1)
(1 0.1428571429 0.1)
(1 0.2857142857 0.1)
(1 0.4285714286 0.1)
(1 0.5714285714 0.1)
(1 0.7142857143 0.1)
(1 0.8571428571 0.1)
(0.8571428571 1 0.1)
(0.7142857143 1 0.1)
(0.5714285714 1 0.1)
(0.4285714286 1 0.1)
(0.2857142857 1 0.1)
(0.1428571429 1 0.1)
(0 0.8571428571 0.1)
(0 0.7142857143 0.1)
(0 0.5714285714 0.1)
(0 0.4285714286 0.1)
(0 0.2857142857 0.1)
(0 0.1428571429 0.1)
(0.1428571429 0.1428571429 0)
(0.1428571429 0.2857142857 0)
(0.1428571429 0.4285714286 0)
(0.1428571429 0.5714285714 0)
(0.1428571429 0.7142857143 0)
(0.1428571429 0.8571428571 0)
(0.2857142857 0.1428571429 0)
(0.2857142857 0.2857142857 0)
(0.2857142857 0.4285714286 0)
(0.2857142857 0.5714285714 0)
(0.2857142857 0.7142857143 0)
(0.2857142857 0.8571428571 0)
(0.4285714286 0.1428571429 0)
(0.4285714286 0.2857142857 0)
(0.4285714286 0.4285714286 0)
(0.4285714286 0.5714285714 0)
(0.4285714286 0.7142857143 0)
(0.4285714286 0.8571428571 0)
(0.5714285714 0.1428571429 0)
(0.5714285714 0.2857142857 0)
(0.5714285714 0.4285714286 0)
(0.5714285714 0.5714285714 0)
(0.5714285714 0.7142857143 0)
(0.5714285714 0.8571428571 0)
(0.7142857143 0.1428571429 0)
(0.7142857143 0.2857142857 0)
(0.7142857143 0.4285714286 0)
(0.7142857143 0.5714285714 0)
(0.7142857143 0.7142857143 0)
(0.7142857143 0.8571428571 0)
(0.8571428571 0.1428571429 0)
(0.8571428571 0.2857142857 0)
(0.8571428571 0.4285714286 0)
(0.8571428571 0.5714285714 0)
(0.8571428571 0.7142857143 0)
(0.8571428571 0.8571428571 0)
(0.1428571429 0.1428571429 0.1)
(0.1428571429 0.2857142857 0.1)
(0.1428571429 0.4285714286 0.1)
(0.1428571429 0.5714285714 0.1)
(0.1428571429 0.7142857143 0.1)
(0.1428571429 0.8571428571 0.1)
(0.2857142857 0.1428571429 0.1)
(0.2857142857 0.2857142857 0.1)
(0.2857142857 0.4285714286 0.1)
(0.2857142857 0.5714285714 0.1)
(0.2857142857 0.7142857143 0.1)
(0.2857142857 0.8571428571 0.1)
(0.4285714286 0.1428571429 0.1)
(0.4285714286 0.2857142857 0.1)
(0.4285714286 0.4285714286 0.1)
(0.4285714286 0.5714285714 0.1)
(0.4285714286 0.7142857143 0.1)
(0.4285714286 0.8571428571 0.1)
(0.5714285714 0.1428571429 0.1)
(0.5714285714 0.2857142857 0.1)
(0.5714285714 0.4285714286 0.1)
(0.5714285714 0.5714285714 0.1)
(0.5714285714 0.7142857143 0.1)
(0.5714285714 0.8571428571 0.1)
(0.7142857143 0.1428571429 0.1)
(0.7142857143 0.2857142857 0.1)
(0.7142857143 0.4285714286 0.1)
(0.7142857143 0.5714285714 0.1)
(0.7142857143 0.7142857143 0.1)
(0.7142857143 0.8571428571 0.1)
(0.8571428571 0.1428571429 0.1)
(0.8571428571 0.2857142857 0.1)
(0.8571428571 0.4285714286 0.1)
(0.8571428571 0.5714285714 0.1)
(0.8571428571 0.7142857143 0.1)
(0.8571428571 0.8571428571 0.1)
)


// ************************************************************************* //
