/*--------------------------------*- C++ -*----------------------------------*\
| =========                 |                                                 |
| \\      /  F ield         | OpenFOAM: The Open Source CFD Toolbox           |
|  \\    /   O peration     | Version:  v1806                                 |
|   \\  /    A nd           | Web:      www.OpenFOAM.com                      |
|    \\/     M anipulation  |                                                 |
\*---------------------------------------------------------------------------*/
FoamFile
{
    version     2.0;
    format      ascii;
    class       faceList;
    location    "constant/polyMesh";
    object      faces;
}
// * * * * * * * * * * * * * * * * * * * * * * * * * * * * * * * * * * * * * //


272
(
4(35 63 113 64)
4(8 64 113 36)
4(34 62 114 65)
4(64 65 114 113)
4(33 61 115 66)
4(65 66 115 114)
4(32 60 116 67)
4(66 67 116 115)
4(31 59 117 68)
4(67 68 117 116)
4(30 58 118 69)
4(68 69 118 117)
4(29 57 119 70)
4(69 70 119 118)
4(70 28 56 119)
4(64 113 120 71)
4(9 71 120 37)
4(65 114 121 72)
4(71 72 121 120)
4(66 115 122 73)
4(72 73 122 121)
4(67 116 123 74)
4(73 74 123 122)
4(68 117 124 75)
4(74 75 124 123)
4(69 118 125 76)
4(75 76 125 124)
4(70 119 126 77)
4(76 77 126 125)
4(77 27 55 126)
4(71 120 127 78)
4(10 78 127 38)
4(72 121 128 79)
4(78 79 128 127)
4(73 122 129 80)
4(79 80 129 128)
4(74 123 130 81)
4(80 81 130 129)
4(75 124 131 82)
4(81 82 131 130)
4(76 125 132 83)
4(82 83 132 131)
4(77 126 133 84)
4(83 84 133 132)
4(84 26 54 133)
4(78 127 134 85)
4(11 85 134 39)
4(79 128 135 86)
4(85 86 135 134)
4(80 129 136 87)
4(86 87 136 135)
4(81 130 137 88)
4(87 88 137 136)
4(82 131 138 89)
4(88 89 138 137)
4(83 132 139 90)
4(89 90 139 138)
4(84 133 140 91)
4(90 91 140 139)
4(91 25 53 140)
4(85 134 141 92)
4(12 92 141 40)
4(86 135 142 93)
4(92 93 142 141)
4(87 136 143 94)
4(93 94 143 142)
4(88 137 144 95)
4(94 95 144 143)
4(89 138 145 96)
4(95 96 145 144)
4(90 139 146 97)
4(96 97 146 145)
4(91 140 147 98)
4(97 98 147 146)
4(98 24 52 147)
4(92 141 148 99)
4(13 99 148 41)
4(93 142 149 100)
4(99 100 149 148)
4(94 143 150 101)
4(100 101 150 149)
4(95 144 151 102)
4(101 102 151 150)
4(96 145 152 103)
4(102 103 152 151)
4(97 146 153 104)
4(103 104 153 152)
4(98 147 154 105)
4(104 105 154 153)
4(105 23 51 154)
4(99 148 155 106)
4(14 106 155 42)
4(100 149 156 107)
4(106 107 156 155)
4(101 150 157 108)
4(107 108 157 156)
4(102 151 158 109)
4(108 109 158 157)
4(103 152 159 110)
4(109 110 159 158)
4(104 153 160 111)
4(110 111 160 159)
4(105 154 161 112)
4(111 112 161 160)
4(112 22 50 161)
4(106 155 43 15)
4(107 156 44 16)
4(108 157 45 17)
4(109 158 46 18)
4(110 159 47 19)
4(111 160 48 20)
4(112 161 49 21)
4(0 35 64 8)
4(4 36 113 63)
4(35 34 65 64)
4(63 113 114 62)
4(34 33 66 65)
4(62 114 115 61)
4(33 32 67 66)
4(61 115 116 60)
4(32 31 68 67)
4(60 116 117 59)
4(31 30 69 68)
4(59 117 118 58)
4(30 29 70 69)
4(58 118 119 57)
4(29 3 28 70)
4(57 119 56 7)
4(8 64 71 9)
4(36 37 120 113)
4(64 65 72 71)
4(113 120 121 114)
4(65 66 73 72)
4(114 121 122 115)
4(66 67 74 73)
4(115 122 123 116)
4(67 68 75 74)
4(116 123 124 117)
4(68 69 76 75)
4(117 124 125 118)
4(69 70 77 76)
4(118 125 126 119)
4(70 28 27 77)
4(119 126 55 56)
4(9 71 78 10)
4(37 38 127 120)
4(71 72 79 78)
4(120 127 128 121)
4(72 73 80 79)
4(121 128 129 122)
4(73 74 81 80)
4(122 129 130 123)
4(74 75 82 81)
4(123 130 131 124)
4(75 76 83 82)
4(124 131 132 125)
4(76 77 84 83)
4(125 132 133 126)
4(77 27 26 84)
4(126 133 54 55)
4(10 78 85 11)
4(38 39 134 127)
4(78 79 86 85)
4(127 134 135 128)
4(79 80 87 86)
4(128 135 136 129)
4(80 81 88 87)
4(129 136 137 130)
4(81 82 89 88)
4(130 137 138 131)
4(82 83 90 89)
4(131 138 139 132)
4(83 84 91 90)
4(132 139 140 133)
4(84 26 25 91)
4(133 140 53 54)
4(11 85 92 12)
4(39 40 141 134)
4(85 86 93 92)
4(134 141 142 135)
4(86 87 94 93)
4(135 142 143 136)
4(87 88 95 94)
4(136 143 144 137)
4(88 89 96 95)
4(137 144 145 138)
4(89 90 97 96)
4(138 145 146 139)
4(90 91 98 97)
4(139 146 147 140)
4(91 25 24 98)
4(140 147 52 53)
4(12 92 99 13)
4(40 41 148 141)
4(92 93 100 99)
4(141 148 149 142)
4(93 94 101 100)
4(142 149 150 143)
4(94 95 102 101)
4(143 150 151 144)
4(95 96 103 102)
4(144 151 152 145)
4(96 97 104 103)
4(145 152 153 146)
4(97 98 105 104)
4(146 153 154 147)
4(98 24 23 105)
4(147 154 51 52)
4(13 99 106 14)
4(41 42 155 148)
4(99 100 107 106)
4(148 155 156 149)
4(100 101 108 107)
4(149 156 157 150)
4(101 102 109 108)
4(150 157 158 151)
4(102 103 110 109)
4(151 158 159 152)
4(103 104 111 110)
4(152 159 160 153)
4(104 105 112 111)
4(153 160 161 154)
4(105 23 22 112)
4(154 161 50 51)
4(14 106 15 1)
4(42 5 43 155)
4(106 107 16 15)
4(155 43 44 156)
4(107 108 17 16)
4(156 44 45 157)
4(108 109 18 17)
4(157 45 46 158)
4(109 110 19 18)
4(158 46 47 159)
4(110 111 20 19)
4(159 47 48 160)
4(111 112 21 20)
4(160 48 49 161)
4(112 22 2 21)
4(161 49 6 50)
4(0 4 63 35)
4(0 8 36 4)
4(35 63 62 34)
4(34 62 61 33)
4(33 61 60 32)
4(32 60 59 31)
4(31 59 58 30)
4(30 58 57 29)
4(29 57 7 3)
4(3 7 56 28)
4(8 9 37 36)
4(28 56 55 27)
4(9 10 38 37)
4(27 55 54 26)
4(10 11 39 38)
4(26 54 53 25)
4(11 12 40 39)
4(25 53 52 24)
4(12 13 41 40)
4(24 52 51 23)
4(13 14 42 41)
4(23 51 50 22)
4(1 15 43 5)
4(14 1 5 42)
4(15 16 44 43)
4(16 17 45 44)
4(17 18 46 45)
4(18 19 47 46)
4(19 20 48 47)
4(20 21 49 48)
4(21 2 6 49)
4(22 50 6 2)
)


// ************************************************************************* //
