/*--------------------------------*- C++ -*----------------------------------*\
| =========                 |                                                 |
| \\      /  F ield         | OpenFOAM: The Open Source CFD Toolbox           |
|  \\    /   O peration     | Version:  v1806                                 |
|   \\  /    A nd           | Web:      www.OpenFOAM.com                      |
|    \\/     M anipulation  |                                                 |
\*---------------------------------------------------------------------------*/
FoamFile
{
    version     2.0;
    format      ascii;
    class       faceList;
    location    "constant/polyMesh";
    object      faces;
}
// * * * * * * * * * * * * * * * * * * * * * * * * * * * * * * * * * * * * * //


210
(
4(31 55 92 56)
4(8 56 92 32)
4(30 54 93 57)
4(56 57 93 92)
4(29 53 94 58)
4(57 58 94 93)
4(28 52 95 59)
4(58 59 95 94)
4(27 51 96 60)
4(59 60 96 95)
4(26 50 97 61)
4(60 61 97 96)
4(61 25 49 97)
4(56 92 98 62)
4(9 62 98 33)
4(57 93 99 63)
4(62 63 99 98)
4(58 94 100 64)
4(63 64 100 99)
4(59 95 101 65)
4(64 65 101 100)
4(60 96 102 66)
4(65 66 102 101)
4(61 97 103 67)
4(66 67 103 102)
4(67 24 48 103)
4(62 98 104 68)
4(10 68 104 34)
4(63 99 105 69)
4(68 69 105 104)
4(64 100 106 70)
4(69 70 106 105)
4(65 101 107 71)
4(70 71 107 106)
4(66 102 108 72)
4(71 72 108 107)
4(67 103 109 73)
4(72 73 109 108)
4(73 23 47 109)
4(68 104 110 74)
4(11 74 110 35)
4(69 105 111 75)
4(74 75 111 110)
4(70 106 112 76)
4(75 76 112 111)
4(71 107 113 77)
4(76 77 113 112)
4(72 108 114 78)
4(77 78 114 113)
4(73 109 115 79)
4(78 79 115 114)
4(79 22 46 115)
4(74 110 116 80)
4(12 80 116 36)
4(75 111 117 81)
4(80 81 117 116)
4(76 112 118 82)
4(81 82 118 117)
4(77 113 119 83)
4(82 83 119 118)
4(78 114 120 84)
4(83 84 120 119)
4(79 115 121 85)
4(84 85 121 120)
4(85 21 45 121)
4(80 116 122 86)
4(13 86 122 37)
4(81 117 123 87)
4(86 87 123 122)
4(82 118 124 88)
4(87 88 124 123)
4(83 119 125 89)
4(88 89 125 124)
4(84 120 126 90)
4(89 90 126 125)
4(85 121 127 91)
4(90 91 127 126)
4(91 20 44 127)
4(86 122 38 14)
4(87 123 39 15)
4(88 124 40 16)
4(89 125 41 17)
4(90 126 42 18)
4(91 127 43 19)
4(0 31 56 8)
4(4 32 92 55)
4(31 30 57 56)
4(55 92 93 54)
4(30 29 58 57)
4(54 93 94 53)
4(29 28 59 58)
4(53 94 95 52)
4(28 27 60 59)
4(52 95 96 51)
4(27 26 61 60)
4(51 96 97 50)
4(26 3 25 61)
4(50 97 49 7)
4(8 56 62 9)
4(32 33 98 92)
4(56 57 63 62)
4(92 98 99 93)
4(57 58 64 63)
4(93 99 100 94)
4(58 59 65 64)
4(94 100 101 95)
4(59 60 66 65)
4(95 101 102 96)
4(60 61 67 66)
4(96 102 103 97)
4(61 25 24 67)
4(97 103 48 49)
4(9 62 68 10)
4(33 34 104 98)
4(62 63 69 68)
4(98 104 105 99)
4(63 64 70 69)
4(99 105 106 100)
4(64 65 71 70)
4(100 106 107 101)
4(65 66 72 71)
4(101 107 108 102)
4(66 67 73 72)
4(102 108 109 103)
4(67 24 23 73)
4(103 109 47 48)
4(10 68 74 11)
4(34 35 110 104)
4(68 69 75 74)
4(104 110 111 105)
4(69 70 76 75)
4(105 111 112 106)
4(70 71 77 76)
4(106 112 113 107)
4(71 72 78 77)
4(107 113 114 108)
4(72 73 79 78)
4(108 114 115 109)
4(73 23 22 79)
4(109 115 46 47)
4(11 74 80 12)
4(35 36 116 110)
4(74 75 81 80)
4(110 116 117 111)
4(75 76 82 81)
4(111 117 118 112)
4(76 77 83 82)
4(112 118 119 113)
4(77 78 84 83)
4(113 119 120 114)
4(78 79 85 84)
4(114 120 121 115)
4(79 22 21 85)
4(115 121 45 46)
4(12 80 86 13)
4(36 37 122 116)
4(80 81 87 86)
4(116 122 123 117)
4(81 82 88 87)
4(117 123 124 118)
4(82 83 89 88)
4(118 124 125 119)
4(83 84 90 89)
4(119 125 126 120)
4(84 85 91 90)
4(120 126 127 121)
4(85 21 20 91)
4(121 127 44 45)
4(13 86 14 1)
4(37 5 38 122)
4(86 87 15 14)
4(122 38 39 123)
4(87 88 16 15)
4(123 39 40 124)
4(88 89 17 16)
4(124 40 41 125)
4(89 90 18 17)
4(125 41 42 126)
4(90 91 19 18)
4(126 42 43 127)
4(91 20 2 19)
4(127 43 6 44)
4(0 4 55 31)
4(0 8 32 4)
4(31 55 54 30)
4(30 54 53 29)
4(29 53 52 28)
4(28 52 51 27)
4(27 51 50 26)
4(26 50 7 3)
4(3 7 49 25)
4(8 9 33 32)
4(25 49 48 24)
4(9 10 34 33)
4(24 48 47 23)
4(10 11 35 34)
4(23 47 46 22)
4(11 12 36 35)
4(22 46 45 21)
4(12 13 37 36)
4(21 45 44 20)
4(1 14 38 5)
4(13 1 5 37)
4(14 15 39 38)
4(15 16 40 39)
4(16 17 41 40)
4(17 18 42 41)
4(18 19 43 42)
4(19 2 6 43)
4(20 44 6 2)
)


// ************************************************************************* //
